TCH_SUCC_SEIZ_FOR_DIR_ACC,TCH_SEIZ_DUE_SDCCH_CON
TCH_SUCC_SEIZ_FOR_DIR_ACC,TCH_SEIZ_DUE_SDCCH_CON,|
0,0,|
0,0,|
0,0,|
0,0,|
0,0,|
0,0,|
0,0,|
0,0,|
0,0,|
0,0,|
0,0,|
0,0,|
0,0,|
0,0,|
0,0,|
0,0,|
0,0,|
0,0,|
0,0,|
0,0,|
0,0,|
0,0,|
0,0,|
0,0,|
0,0,|
0,0,|
0,0,|
0,0,|
0,0,|
0,0,|
0,0,|
0,0,|
0,0,|
0,0,|
0,0,|
0,0,|
0,0,|
0,0,|
0,0,|
0,0,|
0,0,|
0,0,|
0,0,|
0,0,|
0,0,|
0,0,|
0,0,|
0,0,|
0,0,|
0,0,|
0,0,|
0,0,|
0,0,|
0,0,|
0,0,|
0,0,|
0,0,|
0,0,|
0,0,|
0,0,|
0,0,|
0,0,|
0,0,|
0,0,|
0,0,|
0,0,|
0,0,|
0,0,|
0,0,|
0,0,|
0,0,|
0,0,|
0,0,|
0,0,|
0,0,|
0,0,|
0,0,|
0,0,|
0,0,|
0,0,|
0,0,|
0,0,|
0,0,|
0,0,|
0,0,|
0,0,|
0,0,|
0,0,|
0,0,|
0,0,|
0,0,|
0,0,|
0,0,|
0,0,|
0,0,|
0,0,|
0,0,|
0,0,|
0,0,|
0,0,|
0,0,|
0,0,|
0,0,|
0,0,|
0,0,|
0,0,|
0,0,|
0,0,|
0,0,|
0,0,|
0,0,|
0,0,|
0,0,|
0,0,|
0,0,|
0,0,|
0,0,|
0,0,|
0,0,|
0,0,|
0,0,|
0,0,|
0,0,|
0,0,|
0,0,|
0,0,|
0,0,|
0,0,|
0,0,|
0,0,|
0,0,|
0,0,|
0,0,|
0,0,|
0,0,|
0,0,|
0,0,|
0,0,|
0,0,|
0,0,|
0,0,|
0,0,|
0,0,|
0,0,|
0,0,|
0,0,|
0,0,|
0,0,|
0,0,|
0,0,|
0,0,|
0,0,|
0,0,|
0,0,|
0,0,|
0,0,|
0,0,|
0,0,|
0,0,|
0,0,|
0,0,|
0,0,|
0,0,|
0,0,|
0,0,|
0,0,|
0,0,|
0,0,|
0,0,|
0,0,|
0,0,|
0,0,|
0,0,|
0,0,|
0,0,|
0,0,|
0,0,|
0,0,|
0,0,|
0,0,|
0,0,|
0,0,|
0,0,|
0,0,|
0,0,|
0,0,|
0,0,|
0,0,|
0,0,|
